[17.601342837301654,78.1266140115869],
[17.601347162294797,78.12661392850355],
[17.601355532649716,78.12661376633768],
[17.601368711680074,78.12661358622546],
[17.601386449824012,78.12661326595831],
[17.601406110846334,78.1266128478576],
[17.601424405830013,78.12661226659489],
[17.601441566863773,78.12661182993355],
[17.60145761548708,78.12661152580569],
[17.60147285192822,78.12661119671708],
[17.601489452595874,78.12661064973543],
[17.601508295734376,78.12660998154843],
[17.60153121620147,78.12660952473514],
[17.601552576664403,78.12660921381416],
[17.601572639558473,78.12660905147469],
[17.601591310997776,78.12660879442178],
[17.60160927981631,78.1266086576121],
[17.601626962476537,78.12660855000964],
[17.601644614056188,78.12660855127965],
[17.601662317109284,78.12660845880679],
[17.601680167178582,78.12660841377244],
[17.601698219160898,78.12660847235593],
[17.60171635593177,78.1266083071453],
[17.601734539222893,78.12660805364136],
[17.601752747669952,78.12660789530022],
[17.601770979434043,78.12660771143496],
[17.60178925760757,78.12660755955731],
[17.6018075364956,78.12660726157652],
[17.6018259437202,78.12660706355335],
[17.601844400846172,78.12660686449198],
[17.60186323137626,78.12660673607436],
[17.601882328787685,78.12660645189194],
[17.601901619828094,78.12660610831705],
[17.601921065049197,78.12660570648899],
[17.601940432107508,78.12660518535444],
[17.601959726149225,78.12660464812917],
[17.60197886850659,78.1266041661585],
[17.601997841132334,78.1266037094833],
[17.602016766444294,78.12660324397075],
[17.60203566280098,78.12660274960743],
[17.602054500104728,78.12660234572412],
[17.602073467122736,78.12660205859817],
[17.602092458260824,78.12660184475794],
[17.602111606503968,78.12660170056392],
[17.602130597294735,78.1266015225827],
[17.60214954310102,78.1266015007183],
[17.60216842344454,78.1266013526372],
[17.60218725127775,78.12660130357659],
[17.602205924714514,78.12660115772289],
[17.60222449121738,78.12660108032098],
[17.60224315277625,78.1266009749103],
[17.602262112209058,78.12660087959355],
[17.602281519166414,78.12660074053406],
[17.602301269717433,78.12660061389624],
[17.60232123303551,78.12660039588314],
[17.60234146732109,78.12659994229787],
[17.602361874304265,78.12659943094206],
[17.602382178864445,78.12659890088129],
[17.60240240390049,78.12659841983915],
[17.602422623335087,78.1265979861384],
[17.60244277860012,78.12659759789464],
[17.60246298336152,78.1265972925962],
[17.602483252453066,78.12659711828583],
[17.60250354534694,78.1265970636769],
[17.602523745095464,78.12659710834237],
[17.602542914868515,78.12659730510204],
[17.6025591235691,78.12659746766155],
